version https://git-lfs.github.com/spec/v1
oid sha256:858dd2e8c3f30cc32f11c91fe852c8813a59393494c0e0404518e2efbeb13fd2
size 5092
